212.6661587729996 447.4853350291689 2.185241809181675
279.6631500532799 210.92511320447775 8.966388902566425
154.2078587834489 92.21114848704865 9.199040139343197
401.7277275638282 82.70851315271705 4.111938331535119
74.1866899982903 304.00605567619306 3.5758366625548286
426.87615664159284 445.60151795158146 7.212943965215018
157.03695835240484 176.80464952890068 7.645851475885835
300.4405093402499 457.1420447578706 9.628018428640727
341.4525028904893 217.0933302296807 7.671665264388344
131.93760482613675 25.356312161749493 6.798789521942627
262.56058472060727 414.19499214126057 1.2130193866104
309.6168797796541 341.64842329119443 2.923770965575753
261.02532716696817 162.03772495426944 5.778338198709237
305.0864905424453 81.24662940892912 6.090815702708613
357.7621611920978 268.6621813111376 6.131707758872482
301.8072763279061 71.28164563556632 2.88760314432573
285.8101903071872 275.9376440547058 2.915066850380119
310.0934234459298 108.21957464623355 3.3005684047510653
316.62505238739686 144.33356051153174 0.911757733386227
477.6544099396046 252.3929449559229 9.626084169604077
328.43741050426365 26.853149676040967 6.836917740531366
85.94216325995902 402.70914870059835 8.530494154426238
318.3751395228003 407.7894978455047 4.353796364105882
385.6016050804261 441.39611303809664 0.7784770962521093
328.96272783036704 40.90962714475549 5.788042682667724
170.82299299071906 161.18543948899688 4.566645683077475
131.76725304829657 417.7936025301796 3.2931428025352294
203.70742825981014 337.13836444433446 3.0094664212217683
316.9240524114394 389.8264900292035 6.902078492767696
461.91874461278667 466.08095423818855 4.879458025238815
374.7998051049665 70.92116453578274 7.71925213070051
311.6277161448588 269.2101696077348 7.048913281671542
115.07848230092993 456.286983126815 3.542875629979073
273.4681128228737 180.92960677829052 2.655532765287542
156.21428553491512 303.9884514931247 3.3851335996854304
402.01724279664364 239.62510351608685 7.352554800034131
283.80331030151007 168.8822294708936 0.9431532346207583
93.97008381759802 56.338735881595994 7.232195778680099
136.4841063363654 35.68965318389433 4.179391801938362
461.1697393482743 484.7733768623253 2.3501380441235
341.1799664289755 432.05343924362 5.2506437014257035
391.14693000125794 112.57488123072051 4.04292009503269
411.72007896287033 180.7268452702485 8.379234625059972
388.65645578338456 468.4004119698482 8.32755789165804
214.18994792170105 469.52297866516136 1.5307359416216448
370.4122019434223 113.07899630524143 1.1055364620173147
224.01701302397774 129.97248289168627 4.43600124984497
325.039762010773 394.5844101717591 9.257148823753642
281.2370100906637 52.14639969360191 1.401582351844356
259.09415050757303 176.13719654086208 9.196481913720923
336.2391952345689 459.8327372884202 3.165459547847461
415.4297221890265 242.28459885459463 6.3453540822654215
255.36996065828498 192.9336610248824 0.7920856178744118
464.54384114595575 289.21806541487763 4.153162038829019
478.08954910267914 112.98388683507643 4.123334358953588
254.7180081236017 470.0045290024443 4.709578102607152
31.11562302297766 363.1794916934116 2.815139161665555
339.5111024196201 192.14772315499212 8.232833749372862
73.53050282899865 381.0329379842451 4.542221865694823
137.7649594392028 420.4623060378544 0.42610358359880474
475.7417163952137 114.20909510946647 9.937941111673904
282.8004265598573 281.3292355001003 3.1302438251709264
497.22168063430405 217.4075847686195 9.489255348026537
474.6318191543806 70.88234312997932 9.208535942995509
488.05442377086774 179.18678947770255 3.5081602789836364
7.222802721601029 357.6228104575175 0.11758107424494901
379.6127387597043 215.9093686815889 1.8745888170664893
327.1418959593939 124.62109712578146 8.181308989369732
474.49570692163695 178.7516482656602 7.259186320797902
20.23837740363199 195.2885902285313 2.8191380630710827
486.676905536232 6.867883731123348 0.5989645413943068
478.6204815331244 24.311500545719568 4.605374432135826
203.34057120854882 462.93564487453455 4.6696416412562485
185.43875662112274 48.55381424454691 5.369395524692267
440.99365706980205 348.7130022842209 4.474339172803381
263.6049225690368 285.55889153452415 9.993264714633337
293.2045863710822 389.885973037512 7.991799121551297
165.14660885680277 335.90162399092475 3.127078533569331
25.986534912316394 328.03554152405064 8.584744211558782
58.63274656970735 103.44346108737845 4.818306356655428
371.85703996181826 469.35504750682077 9.390486524976158
85.91431696276736 350.08842263744367 4.729058243240022
24.594814272817345 325.83615725463005 8.475256927794565
368.90692949573463 471.6823714214498 7.9778315346601225
205.4955997208051 285.73763856853753 1.948526631612847
419.58204577997185 434.18241469297107 3.0668025096411897
487.50538950071603 261.6657830713994 5.965164281203767
338.7038531631639 76.27693309058053 6.312819259492427
347.17303076684317 461.6262979718575 0.29670549548142744
332.8096939610525 140.57565424538683 8.754404873690937
4.293760888715914 90.74017829116343 8.477105616914388
265.8312234233442 481.8180663643354 2.816472924113822
85.9770890099561 128.42257538989665 7.315718427128682
127.6261872778559 450.95731611788926 2.831051602005558
463.4209495402249 101.86482600170183 1.5571805574514752
312.25895493283207 119.34608866273399 7.681819363453365
195.84958433499477 435.48286862058535 4.73449576039262
374.5431708964514 180.64614545506802 5.80211348287122
434.0054994941076 246.13527820796054 1.7317135625044044
74.23826322249694 309.7580833096026 4.0434927658176365
184.59102011759026 53.59417189465127 1.5137618887250404
428.1594127907383 220.4648621750659 7.6718786572557445
183.6376554926281 17.88225713206093 4.004568490257797
5.789870165147704 16.229309964783447 0.16144643945284365
429.63204447285557 412.2664848830707 4.655638606546307
212.93578363536176 283.4997926231333 8.357268226208763
462.22521312928154 310.20943659409187 5.144612765896181
379.38412623810484 212.96232451344756 1.8744101613422115
257.5634673536146 53.394914814883506 2.5195504773205393
473.9500351868086 322.62404659921856 9.795705465062921
31.958423999710107 177.72576148118534 0.446126543395331
16.952015227904127 185.800347408922 3.4184932841323645
179.20145020284843 486.28605961798814 0.8516503592916358
103.94394138659602 267.5725187863987 0.17164144635657186
7.953934491247983 58.70331974617976 7.8656668911548735
433.05754436524546 242.83909021642754 1.1614087520293093
131.12483851621843 290.8594678810992 6.549427847811752
183.85486977192795 197.64257728308255 6.985061316304398
392.98510258947755 237.89531079805454 9.347086880004781
300.1282945594648 210.14377999356498 3.4453706613658754
198.1565883152901 437.026584213107 3.6851272576527427
9.277183225346985 17.753988521580332 9.171627245572491
242.92927523944346 169.62793491168532 4.742125167580978
273.082462766171 219.02589014890594 0.5618008275386976
399.1717068883649 368.81595804611425 0.5010422522968971
119.92831351342254 141.6371235217791 9.1579460512787
187.15974497099626 228.5336075311064 9.017173337122355
197.50699787454633 157.05669966185664 1.898552191913121
210.89865571215776 341.7546424421755 4.96671960971796
203.19778994107125 106.32840192272641 3.5967663153417915
50.082852315662066 12.422054117656234 8.407541756969533
71.73295673454454 255.092431388431 2.505439085678055
81.04226752017773 301.33256834381626 0.05254914902240837
206.2367220208924 446.9374049463124 6.575752780760507
76.36876198324228 488.28962672896995 5.838739995321237
338.7204665181912 117.058431673917 8.716439822210862
243.09035610562879 249.06763217875562 8.126173014055427
63.79910673882666 49.809844876093855 1.329799757819472
253.14643747261258 48.34612434740843 0.27999510248412185
148.60733662506954 68.08752098477267 2.0470178852253063
190.5771389834802 60.75603167635612 6.81760146060618
131.17496309663906 75.74602494035499 5.910685797924566
447.5315878934972 428.1922119851171 8.728432776566347
157.09138216916014 499.83015699974413 2.3525838350224215
198.3613841569723 98.93340940117406 6.3258746192192215
203.05961300018194 402.84450168930124 4.879188031794338
37.32868670479189 433.90971796638786 3.243049114824992
208.50839183861376 429.35193655537176 5.189198420125145
292.6373826589983 198.3891432266106 0.45456129990295135
400.0820424321198 380.8257967349313 2.883614749850266
406.59586123133215 28.830549291004704 8.855807003891433
395.5336298141684 260.0064014598834 4.460198703487893
69.93207319007915 199.76727940166128 0.6653421326398401
214.96931523646268 15.351188628049517 6.975033130280741
105.98427088510725 44.12929603904103 1.282887955833799
489.87657770396305 239.018932486409 9.76249868819368
248.2517773921606 161.85400872405336 4.128374618722371
129.9527510435456 11.886662415543425 2.6833009591650803
140.36100199758133 100.13834452492071 6.142341642364189
100.15459937006865 347.2401197850362 8.363909272836084
300.82714838933754 198.0932470742285 3.125092433376052
446.0257639360619 404.0724957907904 4.239342581131645
243.1973425320346 257.413051590586 3.8550684358826395
134.32309997159558 331.62446846986086 4.447880373032959
474.5650762916854 57.18794136990785 4.223543864363897
303.041995329742 271.3438375523508 1.87793092956826
128.5519795433822 458.07874078265274 6.56428606067486
224.6057102373395 300.46343245397765 3.1546661126089557
431.35149200130235 101.33636551267816 1.3983275745277546
317.396125152259 314.7080145010849 8.891570323040852
77.2011041313913 468.86998170983395 5.254320816614455
212.80970448590165 245.24883173703992 4.027976418015737
170.7591531217269 228.71898914532974 7.706636597406212
321.1590089398416 308.11924070975425 8.029900748902584
313.56528334384416 297.5266187379681 6.782777872145658
93.22819825062662 31.265754656827347 7.743767429386055
297.4996352071557 39.293016562202745 5.258875551327495
353.04246969753393 175.80184451577574 0.950374314926753
464.5555582238312 423.83981026063066 1.760842109888242
469.02204852014495 311.61172109253545 1.4528928266525853
86.118910348093 154.76777806578608 3.036767763418519
327.4479322452814 163.1579709311563 5.724781282614967
460.3088052797459 165.64540937128035 5.1246677690022535
96.04083382569745 466.311185253236 1.7119246692261558
168.97106572463238 74.8261227434478 6.613823695216108
193.1071242980426 270.55607802084216 5.892528091733823
40.005111549884234 88.44077226232672 1.8365136330716292
465.4835991763306 49.54253488956767 9.806521837184953
31.414882366337714 282.22270153415104 3.022493497525561
387.4519995818677 305.3317546195071 0.2254082438027516
63.55764192653252 65.05505852920246 0.43749057925692947
113.61665174674829 343.71714466698364 2.2893098703658845
340.46309188344065 499.3320310602388 7.889281846402696
496.85478191295414 77.7421678657093 5.229920685720371
101.93796072674543 398.93205679549123 7.144483707784605
442.9568496525982 469.24774851144684 9.759307828825893
459.7743500928873 48.03524938910508 0.5235533349299026
246.25800259560737 421.40124784398836 2.4620303854477568
285.2476036951091 341.0882093234258 2.842019726643359
294.89542472336075 83.31606625661642 9.302521969898315
314.9131249901414 173.52601223049246 5.897712941696992
264.4684949690883 357.8821191517495 9.965588161239062
128.36923349714897 356.6878785150826 4.665552701160808
328.67874290095256 19.79733584169746 0.593398413626337
68.21279986416495 460.68242857026104 0.3958978867594365
3.5178712520045896 348.7090745152511 1.5694552071691281
29.12839834550879 132.43131261214057 2.905841119202932
435.97877117124085 275.7219401138119 2.4244091563958605
342.3624001232904 99.09324623667176 0.8352682446201465
231.99621518794066 185.87125888884458 9.389708425363896
343.36963793588995 60.57994855026044 2.684796453852749
453.9773207206571 37.25203460586102 5.3861224439175945
495.9977700675803 239.6430131172485 3.5784417600700658
173.14446180032672 164.27531882149515 3.682128625846718
385.1982198385779 289.4476980448247 8.261385509607745
332.95493109455174 460.1237783247117 7.562685589787535
203.1127773826793 31.752166954791385 2.557565674145832
118.74491062327591 256.214638319747 0.17650040170178682
378.86154522555444 393.56530369718104 5.921867156492542
166.81614880868528 175.8533690893462 3.4377296989880013
321.0167210089639 135.93467600701953 1.7199761736683494
219.47821071331364 68.96772862212796 8.198087778928633
301.3418180801734 289.47938669413185 9.19185706645372
106.7997615225565 485.72767771133215 1.7232792079258608
248.84875921747795 71.27700323071839 8.78234674544417
131.41901671863522 412.0487294938514 3.24296437064304
201.70441857450328 205.2762535080891 7.578407197293871
149.81377050584567 429.69824129020964 5.529331820275997
180.321019869087 181.7587144695741 3.244680080008565
286.7215762557702 330.41794213464726 5.222722888234024
464.59373209424257 303.4244952164819 7.208493995859304
123.40122752225102 376.7694559560329 8.184349015659313
340.3963770329854 289.0264673938721 2.3674521436023066
254.30015142009992 474.1204446130814 8.330399124465035
100.99135370118766 457.40956437053177 8.576016756140298
379.28481054048945 477.32013439639604 0.09697933324335217
466.01782899074703 242.29937285759422 4.254669087706367
463.43830295683694 173.3562367553544 0.40328608646606257
499.4486466952812 192.8871876537277 3.1425999211787072
256.753876909769 246.01974201712173 6.3169085013397925
445.7909821179541 78.52538759887479 7.312551816223167
479.7650113411397 70.89530736956723 8.769637136385967
155.47876639242182 423.71139803613727 6.758209401246951
285.8497095622254 206.5985273047753 0.9078161878559943
172.6816726993866 367.7245305895406 0.16801585402288266
48.91412889086466 131.0361533277367 5.865084400844872
215.64077498866635 342.197021092211 3.7757835737986367
368.3705337040449 426.70335890283377 2.8879923099822813
287.32567977387123 39.646238710546235 5.633066849161393
258.4382262779857 295.9666595114974 1.3909307842797292
226.07090687801406 161.3551944733005 1.329793856037469
302.1599007573565 402.41870190724524 9.324244048132934
97.45775774607712 68.43473316466769 6.490683998576243
413.17599711871907 496.4211482471276 8.460295913662453
262.81412618652365 354.5945034558417 8.531843491170756
0.9577394237105796 117.75490578879588 4.182305872744222
51.25241561113031 331.9373196940218 9.754721917024437
73.27712259996899 143.93772813152972 9.03943164771269
143.28128495815506 95.50921394360401 0.3071220782819484
108.28539071201104 204.5035530371087 6.742039625335896
219.02878904822316 261.6073374948015 9.620807494000863
167.46660353598892 136.80512217909242 9.040344431524225
174.50542323188267 266.87986238641383 0.2537362436242918
409.4020841384548 462.33233656802116 0.7782926632502152
298.8075162234109 57.64461045648195 7.577165349180372
166.88523614320084 300.948492793499 5.657195695495993
384.5926968018357 183.89065623012436 1.2526365292255004
10.311522287069996 67.83947476757596 5.28835780680078
206.61716582701357 262.08273837546596 1.0837600435030559
486.9711077866351 60.538594075248255 8.962772055608253
408.8617793132307 61.82172800379454 6.589065407651663
177.1142059702695 104.51055730254294 9.314558556912116
342.23350321539516 359.97408962988555 9.855092697173994
76.35148415384074 491.0192189700004 6.392656605931561
161.63783676985548 253.10326190725706 8.06715878640995
12.691855593831514 83.11807079134049 7.3655608202455465
135.1944525538769 315.6395106711362 1.096444687399758
52.59294752197263 249.53252200086789 2.543545953282238
118.51475247589832 382.6227769279726 1.007527050496717
290.77729175671874 394.07677633579937 8.08258967740368
474.4692249390087 47.14140840545444 2.0453144950772506
254.91179593113645 204.38250377432843 7.698500856509312
462.12237517049863 223.55511613982577 9.113354240563451
269.9040826702558 139.61561728675852 7.126809687328484
108.07004333258119 297.705266399141 9.85924643495542
203.57555658649056 396.21156553500805 6.66573596669455
7.032779378966014 478.7391409384403 4.97375244551135
171.5470103085565 34.3495215014577 5.781702535887572
66.17997962699206 177.75573543691453 5.268202385042012
184.73019739815805 258.9757116352207 4.878884217530551
216.4122953116341 64.75381694613807 4.4438101873831135
227.95564000053798 37.93215638474151 9.469356790681188
113.03080609581495 325.5503257826061 7.474082857469603
17.766960938014662 308.58865342177086 1.2555049466148238
254.37396130670493 37.350340805543894 5.298982963546233
285.7496923473765 92.9432705293376 5.272161729566828
168.7996333007972 168.08479830840022 3.5319537780406316
10.096093371055826 271.26565707375806 7.046926341153093
383.7073968343484 447.77561292875504 2.4071673444976884
391.28629583101275 285.01206296021354 4.63147409455665
